


0	0
1.44272e-05	0
8.65632e-05	0
0.000327538	0
0.000675915	0
0.000855886	0
0.00096035	0
0.00119575	0
0.00140488	0
0.00170599	0
0.00227626	0
0.00254911	0
0.00294331	0
0.00338978	0
0.00395479	0
0.00422632	0
0.00477923	0
0.00503159	0
0.00551895	0
0.00566037	0
0.00579068	0
0.00623042	0
0.00669125	0
0.00679716	0
0.00715218	0
0.0073638	0
0.0078213	0
0.00792642	0
0.00803371	0
0.00848803	0
0.00888832	0
0.00905006	0
0.00950303	0
0.00954669	0
0.00961006	0
0.0100596	0
0.010165	0
0.0104209	0
0.0107186	0
0.0111635	0
0.0112675	0
0.0113525	7.01901e-15
0.0117776	7.01901e-15
0.0118146	7.01901e-15
0.0120305	0
0.0123564	0
0.0127045	0
0.0128967	0
0.0133307	1.70825e-09
0.013368	1.70825e-09
0.013432	1.70825e-09
0.0138639	1.48355e-08
0.0139653	1.48355e-08
0.0140296	5.80541e-08
0.014351	5.80541e-08
0.0144936	5.80541e-08
0.01492	1.60072e-07
0.0149983	1.60072e-07
0.0150204	1.60072e-07
0.0154439	3.59646e-07
0.0155372	3.59646e-07
0.0155418	3.59646e-07
0.0159621	7.06502e-07
0.0160615	7.06502e-07
0.01648	1.25304e-06
0.016578	1.25304e-06
0.0169958	2.07092e-06
0.0170944	2.07092e-06
0.0175102	3.27594e-06
0.0176076	3.27594e-06
0.0176303	4.97368e-06
0.017744	4.97368e-06
0.0181199	4.97368e-06
0.0184362	7.85967e-06
0.0187967	7.85967e-06
0.0192696	1.2018e-05
0.0194689	1.2018e-05
0.019625	1.79201e-05
0.0200948	1.79201e-05
0.0201374	1.79201e-05
0.0206063	2.59231e-05
0.020803	2.59231e-05
0.0212707	3.63701e-05
0.021466	3.63701e-05
0.0216293	4.98005e-05
0.0220953	4.98005e-05
0.0221255	4.98005e-05
0.0225889	6.68046e-05
0.0226761	6.68046e-05
0.0227793	6.68046e-05
0.0232397	8.80015e-05
0.0234297	8.80015e-05
0.0238892	0.000114036
0.0240779	0.000114036
0.0245365	0.000145458
0.024724	0.000145458
0.0251816	0.000183101
0.025368	0.000183101
0.0258247	0.000232407
0.02601	0.000232407
0.0264659	0.000297849
0.0265454	0.000297849
0.02665	0.000297849
0.027105	0.000386572
0.0272874	0.000386572
0.0277408	0.00056902
0.0279219	0.00056902
0.0283739	0.00097628
0.0285536	0.00097628
0.0288791	0.00173391
0.029183	0.00173391
0.0296328	0.002418
0.0298107	0.002418
0.0302601	0.00292433
0.030437	0.00292433
0.030886	0.00342877
0.031062	0.00342877
0.0311865	0.00415861
0.0316349	0.00415861
0.0316854	0.00415861
0.032133	0.00514465
0.0323065	0.00514465
0.0327531	0.00599089
0.0329255	0.00599089
0.0333711	0.00671023
0.0335424	0.00671023
0.0339871	0.00734273
0.0341573	0.00734273
0.0343138	0.00793626
0.0347573	0.00793626
0.0347701	0.00793626
0.0352129	0.00854545
0.0353806	0.00854545
0.0354292	0.00922832
0.035672	0.00922832
0.0359906	0.00922832
0.0364338	0.00987699
0.0365457	0.00987699
0.0366023	0.00987699
0.037047	0.0104898
0.0372137	0.0104898
0.0376578	0.0111008
0.0378236	0.0111008
0.0382671	0.0117319
0.0384319	0.0117319
0.0388748	0.0123903
0.0390386	0.0123903
0.039481	0.0130727
0.039644	0.0130727
0.0400858	0.0137892
0.0402479	0.0137892
0.0407199	0.0145859
0.0409312	0.0145859
0.0414064	0.0154412
0.0416129	0.0154412
0.0420912	0.016272
0.042293	0.016272
0.0427744	0.0170601
0.0429715	0.0170601
0.043456	0.0178131
0.0435783	0.0178131
0.0436485	0.0178131
0.0441362	0.018513
0.0443243	0.018513
0.0448152	0.0190541
0.0449988	0.0190541
0.0454931	0.0195751
0.0456723	0.0195751
0.0461698	0.0201066
0.0463448	0.0201066
0.0468456	0.0206707
0.0470163	0.0206707
0.0470389	0.0212636
0.0471524	0.0212636
0.0476561	0.0212636
0.0476861	0.0212636
0.0481924	0.0218725
0.0483538	0.0218725
0.0486945	0.0224894
0.0490197	0.0224894
0.0495315	0.0230789
0.0496859	0.0230789
0.0501605	0.0236201
0.0503528	0.0236201
0.0508725	0.0240834
0.0510175	0.0240834
0.0515385	0.0245446
0.0516792	0.0245446
0.0522017	0.0248144
0.0523381	0.0248144
0.0528622	0.0249923
0.0529944	0.0249923
0.0531288	0.0251789
0.0536496	0.0251789
0.0541796	0.0253755
0.0543064	0.0253755
0.0548413	0.0255733
0.0549053	0.0255733
0.0549649	0.0255733
0.0555046	0.0257659
0.0556245	0.0257659
0.0561683	0.0259511
0.0562847	0.0259511
0.0568327	0.0261221
0.0569457	0.0261221
0.0574227	0.0262439
0.0576074	0.0262439
0.0581642	0.0262881
0.0582721	0.0262881
0.0588354	0.0262476
0.0588866	0.0262476
0.0589402	0.0262476
0.0595099	0.0261346
0.0596106	0.0261346
0.0601848	0.0259267
0.0602822	0.0259267
0.0607185	0.0256639
0.0609547	0.0256639
0.0615131	0.0254361
0.0615763	0.0254361
0.0621419	0.0252233
0.0622153	0.0252233
0.0627883	0.0250173
0.0628722	0.0250173
0.0634527	0.0248169
0.0635477	0.0248169
0.0641358	0.0246206
0.0642422	0.0246206
0.0648379	0.0244262
0.0649563	0.0244262
0.0655598	0.0242305
0.0656542	0.0242305
0.0656905	0.0242305
0.0663019	0.0240285
0.0664446	0.0240285
0.0670627	0.0238208
0.0672182	0.0238208
0.0678432	0.0236033
0.0680122	0.0236033
0.0682242	0.0233661
0.0688285	0.0233661
0.0694707	0.0230802
0.0696717	0.0230802
0.0703255	0.022737
0.0705429	0.022737
0.0707244	0.0223443
0.0713902	0.0223443
0.0714441	0.0223443
0.0721241	0.0219425
0.0723796	0.0219425
0.0727758	0.0215505
0.0730288	0.0215505
0.0733498	0.0198816
0.0740596	0.0196783
0.0743544	0.0196783
0.0750787	0.0194733
0.0751661	0.0194733
0.0753945	0.0194733
0.0761324	0.0192695
0.0764674	0.0192695
0.0772161	0.0190698
0.0775723	0.0190698
0.0783322	0.0188759
0.0787106	0.0188759
0.0794819	0.0186901
0.0798428	0.0186901
0.0798833	0.0186901
0.0806663	0.018516
0.0810912	0.018516
0.0818857	0.0183569
0.0823353	0.0183569
0.0831416	0.0182149
0.0836168	0.0182149
0.0844354	0.0180928
0.0849374	0.0180928
0.0857541	0.0179962
0.0862979	0.0179962
0.0871403	0.0179351
0.0876946	0.0179351
0.0885461	0.0179123
0.0891278	0.0179123
0.0899887	0.0179294
0.0905991	0.0179294
0.0914702	0.0179906
0.0921105	0.0179906
0.0929922	0.0181025
0.0930901	0.0181025
0.093516	0.0181025
0.0936634	0.017436
0.0945551	0.0176743
0.0952539	0.0176743
0.096153	0.0179817
0.0968824	0.0179817
0.0977901	0.0183952
0.098552	0.0183952
0.0991445	0.01896
0.100061	0.01896
0.100272	0.01896
0.101212	0.0197796
0.10207	0.0197796
0.10238	0.0211615
0.103351	0.0211615
0.103937	0.0211615
0.104919	0.0233983
0.105853	0.0233983
0.106844	0.0267611
0.106951	0.0267611
0.107484	0.0267611
0.107817	0.0267611
0.108816	0.0299499
0.109045	0.0299499
0.109822	0.0326179
0.110826	0.0332365
0.111825	0.0332365
0.111868	0.0332365
0.11259	0.0337832
0.113598	0.0337832
0.114003	0.0337832
0.114531	0.0343306
0.115461	0.0343306
0.116333	0.0343306
0.117463	0.0348546
0.1186	0.0348546
0.118763	0.0348546
0.119924	0.0352909
0.121092	0.0352909
0.121297	0.0352909
0.121402	0.0355787
0.121929	0.0355787
0.123114	0.0355787
0.123888	0.0355787
0.125066	0.0356878
0.126232	0.0356878
0.126493	0.0356878
0.127663	0.0356026
0.128824	0.0356026
0.129126	0.0356026
0.130294	0.035266
0.131455	0.035266
0.131799	0.035266
0.132969	0.0346931
0.134133	0.0346931
0.134521	0.0346931
0.135261	0.0338874
0.13584	0.0345577
0.137012	0.0345577
0.13734	0.0345577
0.138534	0.0333738
0.139781	0.0333738
0.140453	0.0333738
0.141803	0.0320333
0.142094	0.0320333
0.142887	0.0320333
0.14364	0.0320333
0.143987	0.0320333
0.144837	0.030716
0.14512	0.030716
0.145824	0.030716
0.147365	0.030716
0.148325	0.030716
0.149982	0.0295253
0.151711	0.0295345
0.152694	0.0295345
0.154429	0.0285268
0.156159	0.0285268
0.157142	0.0285268
0.158899	0.0278241
0.159535	0.0278241
0.161303	0.0277698
0.161757	0.0277698
0.163567	0.0274475
0.163895	0.0274475
0.164975	0.0274475
0.165986	0.0274475
0.166547	0.0274475
0.167703	0.0274573
0.168954	0.0274573
0.170376	0.0274573
0.171338	0.0274573
0.171349	0.0274573
0.173137	0.027636
0.173645	0.027636
0.174938	0.027636
0.174988	0.027636
0.176298	0.0277298
0.177737	0.0280284
0.17932	0.0280284
0.181081	0.0280284
0.181595	0.0280284
0.183588	0.0282528
0.185612	0.0282528
0.187273	0.0282528
0.189377	0.0283454
0.191511	0.0283454
0.193357	0.0283454
0.195575	0.0282664
0.197825	0.0282664
0.199876	0.0282664
0.200126	0.0280431
0.201102	0.0280431
0.202036	0.0280431
0.203028	0.0280431
0.204104	0.0280431
0.205275	0.0280431
0.206566	0.0280431
0.207611	0.0280431
0.208497	0.0281537
0.208997	0.0278447
0.210461	0.0278447
0.211573	0.0278447
0.21457	0.0279735
0.215324	0.0279735
0.218504	0.0281296
0.21865	0.0281296
0.218952	0.0276235
0.222233	0.0277988
0.222524	0.0277988
0.225686	0.0279982
0.226076	0.0279982
0.228861	0.0282192
0.229636	0.027664
0.232575	0.0278932
0.233239	0.0278932
0.236103	0.0281351
0.236884	0.0281351
0.239525	0.028385
0.240577	0.0278052
0.243356	0.0280452
0.243746	0.0280452
0.244348	0.0280452
0.245962	0.0282892
0.24764	0.0282892
0.247977	0.0282892
0.250061	0.0285369
0.250444	0.0285369
0.251457	0.028001
0.254033	0.0282623
0.254898	0.0282623
0.257703	0.0285321
0.258326	0.0285321
0.261013	0.0287953
0.261773	0.0282645
0.264853	0.0285078
0.265281	0.0285078
0.268468	0.0287353
0.268851	0.0287353
0.272036	0.0289366
0.272508	0.0284103
0.275881	0.0285894
0.276291	0.0285894
0.279764	0.0287333
0.280203	0.0287333
0.281791	0.0288902
0.283095	0.0288902
0.283821	0.0288902
0.285217	0.0283332
0.286679	0.0283332
0.288398	0.0284602
0.290352	0.0284602
0.290366	0.0284602
0.292821	0.0283332
0.295318	0.0283332
0.298031	0.0278424
0.301029	0.0278424
0.301453	0.0278424
0.302558	0.0278424
0.303572	0.0278424
0.304708	0.0278424
0.305996	0.0278424
0.306757	0.0278424
0.308428	0.0274062
0.310292	0.0274062
0.310833	0.0274062
0.312533	0.0274062
0.314192	0.0274062
0.316047	0.0274062
0.318169	0.0274062
0.319644	0.0274062
0.322492	0.0269106
0.325721	0.0269106
0.329543	0.0269106
0.333877	0.0269106
0.338595	0.0264582
0.343314	0.0264582
0.34803	0.0264582
0.348169	0.0264582
0.349368	0.0260493
0.351611	0.0260493
0.353696	0.0260493
0.356056	0.0260493
0.358832	0.0260493
0.362133	0.0260493
0.366037	0.0256518
0.370505	0.0256518
0.375213	0.0256518
0.375899	0.0256518
0.380619	0.0252756
0.385356	0.0252756
0.388912	0.0252756
0.389759	0.0254021
0.391432	0.0250489
0.393797	0.0250489
0.395984	0.0250489
0.398506	0.0250489
0.401525	0.0250489
0.404097	0.0250489
0.408697	0.0247267
0.413701	0.0247267
0.418693	0.0247267
0.423705	0.0243904
0.428721	0.0243904
0.433326	0.0243904
0.43483	0.0240817
0.436547	0.0240817
0.4382	0.0240817
0.438989	0.0240817
0.441196	0.0239423
0.443598	0.0239423
0.44639	0.0239423
0.449051	0.0239423
0.451916	0.0236413
0.455702	0.0235139
0.459698	0.0235139
0.463783	0.0235139
0.464227	0.0235139
0.465042	0.0233736
0.469117	0.0230881
0.473245	0.0230881
0.477401	0.0230881
0.477471	0.0230881
0.480777	0.0229331
0.484909	0.0226605
0.488662	0.0226605
0.490251	0.0226605
0.491779	0.0226605
0.493583	0.0226605
0.495782	0.0226605
0.496438	0.0226605
0.500153	0.0224002
0.50446	0.0224002
0.509455	0.0224002
0.512794	0.0224002
0.517669	0.0221518
0.51898	0.0221518
0.523738	0.0222989
0.528401	0.0222989
0.529252	0.0222989
0.533851	0.0220591
0.538355	0.0220591
0.54279	0.0220591
0.544722	0.0220591
0.545819	0.0221877
0.550179	0.0219565
0.551129	0.0219565
0.552333	0.0219565
0.553487	0.0219565
0.554864	0.0219565
0.556553	0.0219565
0.557721	0.0219565
0.560506	0.0218302
0.561236	0.0218302
0.564943	0.0216092
0.568912	0.0216092
0.571975	0.0216092
0.575476	0.0214716
0.579478	0.0212645
0.583441	0.0212645
0.587362	0.0212645
0.587911	0.0212645
0.589557	0.0211161
0.593407	0.0209194
0.597229	0.0209194
0.601015	0.0209194
0.603506	0.0209194
0.60723	0.020732
0.609584	0.020732
0.613263	0.0205792
0.616915	0.0205792
0.617357	0.0205792
0.620974	0.0204045
0.622088	0.0204045
0.62352	0.0204045
0.624899	0.0204045
0.626673	0.0204045
0.629021	0.0204045
0.630489	0.0204045
0.633117	0.0202365
0.636613	0.0203828
0.640096	0.0203828
0.643041	0.0203828
0.646475	0.0202184
0.649904	0.0202184
0.650311	0.0202184
0.653715	0.0203501
0.655711	0.0203501
0.659084	0.0201886
0.662453	0.0201886
0.664554	0.0201886
0.667896	0.0203039
0.668523	0.0203039
0.671843	0.0201452
0.67516	0.0201452
0.677323	0.0201452
0.680618	0.0202527
0.681502	0.0202527
0.684774	0.0200928
0.688043	0.0200928
0.689144	0.0200928
0.692793	0.0201963
0.694684	0.0201963
0.697801	0.020039
0.700281	0.020039
0.701358	0.0201265
0.702393	0.0201265
0.703665	0.0201265
0.705283	0.0201265
0.705942	0.0201265
0.708628	0.020039
0.711857	0.0198868
0.715084	0.0198868
0.720029	0.0198868
0.723493	0.0198868
0.728413	0.0197393
0.733325	0.0197393
0.738234	0.0197393
0.738254	0.0197393
0.743153	0.0195952
0.748045	0.0195952
0.752928	0.0195952
0.75781	0.0194542
0.76269	0.0194542
0.767567	0.0194542
0.772313	0.0193162
0.774045	0.0193162
0.775652	0.0193162
0.777886	0.0193162
0.780888	0.0193162
0.782251	0.0193162
0.785354	0.0191813
0.787984	0.0191813
0.791081	0.0192487
0.794168	0.0192487
0.797198	0.0192487
0.80028	0.0191132
0.802142	0.0191132
0.805223	0.0191455
0.808291	0.0191455
0.811356	0.0191455
0.812608	0.0191455
0.814394	0.0190109
0.817459	0.019005
0.820505	0.019005
0.823547	0.019005
0.825467	0.019005
0.828137	0.0189474
0.828762	0.0189474
0.830085	0.0187783
0.83156	0.0187783
0.833526	0.0187783
0.836017	0.0187783
0.83789	0.0187783
0.840921	0.0185778
0.843929	0.0185778
0.844203	0.0185778
0.84721	0.0184095
0.850214	0.0184095
0.851306	0.0184095
0.853086	0.0179021
0.854464	0.0179021
0.855747	0.0179021
0.857444	0.0179021
0.859755	0.0179021
0.860844	0.0179021
0.863779	0.0177631
0.86491	0.0177631
0.865372	0.0158615
0.866518	0.0158615
0.86755	0.0158615
0.868837	0.0158615
0.870454	0.0158615
0.872621	0.0158615
0.875629	0.0158615
0.878704	0.0158615
0.881782	0.0158615
0.884859	0.0158615
0.887936	0.0158615
0.888272	0.0158615
0.88902	0.0157597
0.891674	0.0157597
0.894369	0.0157597
0.897477	0.0157597
0.90058	0.0157597
0.903681	0.0157597
0.906783	0.0157597
0.909884	0.0157597
0.912666	0.0157597
0.915279	0.0157597
0.917582	0.0157597
0.920336	0.0156694
0.923216	0.0156694
0.926162	0.0156694
0.929136	0.0156694
0.932124	0.0156694
0.935115	0.0156694
0.936323	0.0156694
0.938522	0.0156694
0.941125	0.0156694
0.944155	0.0156694
0.947185	0.0156694
0.9499	0.0156694
0.95293	0.0155849
0.95596	0.0155849
0.95899	0.0155849
0.959962	0.0155849
0.962311	0.0155849
0.964559	0.0155849
0.967646	0.0155849
0.970739	0.0155849
0.973834	0.0155849
0.976928	0.0155849
0.980023	0.0155849
0.983117	0.0155849
0.983577	0.0155849
0.985737	0.0155849
0.988244	0.0155849
0.989014	0.0155849
0.992128	0.0155098
0.995245	0.0155098
0.998364	0.0155098
1.00148	0.0155098
1.0046	0.0155098
1.0072	0.0155098
1.01013	0.0155098
1.01322	0.0155098
1.01631	0.0155098
1.0194	0.0155098
1.02131	0.0155098
1.0244	0.015442
1.02748	0.015442
1.03057	0.015442
1.03081	0.015442
1.03199	0.015442
1.03396	0.015442
1.03705	0.015442
1.04017	0.015442
1.04096	0.015442
1.04409	0.0171756
1.04721	0.0171756
1.04964	0.0171756
1.05275	0.0170741
1.05586	0.0170741
1.05898	0.0170741
1.06209	0.0170741
1.0652	0.0170741
1.06831	0.0170741
1.07142	0.0170741
1.07396	0.0170741
1.07689	0.016977
1.07779	0.016977
1.07865	0.016977
1.07971	0.016977
1.08104	0.016977
1.08254	0.016977
1.08433	0.01532
1.08536	0.01532
1.08616	0.01532
1.08691	0.01532
1.08796	0.01532
1.08928	0.01532
1.09095	0.01532
1.09318	0.01532
1.09623	0.01532
1.09931	0.01532
1.1	0.01532
1.1065	0.0152684
1.1089	0.0152684
1.1119	0.0152684
1.1147	0.0152684
1.11778	0.0152684
1.12087	0.0152684
1.12396	0.0152684
1.12705	0.0152684
1.13014	0.0152684
1.1324	0.0152684
1.13487	0.0152684
1.13722	0.0152684
1.14029	0.0152684
1.1428	0.0152684
1.14587	0.0152269
1.14893	0.0152269
1.152	0.0152269
1.15506	0.0152269
1.15592	0.0152269
1.15892	0.0152269
1.16198	0.0152269
1.16503	0.0152269
1.16808	0.0152269
1.17113	0.0152269
1.17418	0.0152269
1.17723	0.0152269
1.17942	0.0152269
1.18199	0.0152269
1.18435	0.0152269
1.18745	0.0152269
1.18943	0.0152269
1.19254	0.0151944
1.19564	0.0151944
1.19874	0.0151944
1.20185	0.0151944
1.20292	0.0151944
1.20552	0.0151944
1.20814	0.0151944
1.21123	0.0151944
1.21434	0.0151944
1.21745	0.0151944
1.22056	0.0151944
1.22367	0.0151944
1.2264	0.0151944
1.22878	0.0151944
1.23105	0.0151944
1.23178	0.0151944
1.2349	0.0151633
1.23802	0.0151633
1.24114	0.0151633
1.24426	0.0151633
1.24739	0.0151633
1.2499	0.0151633
1.25265	0.0151633
1.25551	0.0151633
1.25858	0.0151633
1.26165	0.0151633
1.26432	0.0151633
1.26738	0.015134
1.27045	0.015134
1.27337	0.015134
1.27582	0.015134
1.27819	0.015134
1.28126	0.015134
1.28433	0.015134
1.29121	0.015134
1.29512	0.015134
1.29681	0.0151097
1.2997	0.0151097
1.30279	0.0151097
1.30586	0.0151097
1.31193	0.0151097
1.3168	0.0151097
1.32022	0.0151097
1.32408	0.0151097
1.32549	0.0151097
1.32912	0.0150883
1.33265	0.0150883
1.33597	0.0150883
