


0	0
1.44272e-05	0
8.65632e-05	0
0.000327538	0
0.000675915	0
0.000855886	0
0.00096035	0
0.00119575	0
0.00140488	0
0.00170599	0
0.00227626	0
0.00254911	0
0.00294331	0
0.00338978	0
0.00395479	0
0.00422632	0
0.00477923	0
0.00503159	0
0.00551895	0
0.00566037	0
0.00579068	0
0.00623042	0
0.00669125	0
0.00679716	0
0.00715218	0
0.0073638	0
0.0078213	0
0.00792642	0
0.00803371	0
0.00848803	0
0.00888832	0
0.00905006	0
0.00950303	0
0.00954669	0
0.00961006	0
0.0100596	0
0.010165	0
0.0104209	3.78583e-35
0.0107186	3.78583e-35
0.0111635	0
0.0112675	0
0.0113525	6.82056e-32
0.0117776	6.82056e-32
0.0118146	6.82056e-32
0.0120305	1.43548e-30
0.0123564	1.43548e-30
0.0127045	2.47827e-29
0.0128967	2.47827e-29
0.0133307	1.84489e-26
0.013368	1.84489e-26
0.013432	1.84489e-26
0.0138639	2.19405e-26
0.0139653	2.19405e-26
0.0140296	5.69461e-26
0.014351	5.69461e-26
0.0144936	5.69461e-26
0.01492	5.93521e-24
0.0149983	5.93521e-24
0.0150204	5.93521e-24
0.0154439	6.51567e-23
0.0155372	6.51567e-23
0.0155418	6.51567e-23
0.0159621	1.84961e-21
0.0160615	1.84961e-21
0.01648	1.63392e-17
0.016578	1.63392e-17
0.0169958	3.51562e-19
0.0170944	3.51562e-19
0.0175102	5.85743e-18
0.0176076	5.85743e-18
0.0176303	1.6246e-16
0.017744	1.6246e-16
0.0181199	1.6246e-16
0.0184362	5.78764e-12
0.0187967	5.78764e-12
0.0192696	1.6323e-10
0.0194689	1.6323e-10
0.019625	1.88801e-09
0.0200948	1.88801e-09
0.0201374	1.88801e-09
0.0206063	8.77537e-09
0.020803	8.77537e-09
0.0212707	2.73065e-08
0.021466	2.73065e-08
0.0216293	6.8504e-08
0.0220953	6.8504e-08
0.0221255	6.8504e-08
0.0225889	1.48305e-07
0.0226761	1.48305e-07
0.0227793	1.48305e-07
0.0232397	2.89329e-07
0.0234297	2.89329e-07
0.0238892	5.17711e-07
0.0240779	5.17711e-07
0.0245365	8.82598e-07
0.024724	8.82598e-07
0.0251816	1.36609e-06
0.025368	1.36609e-06
0.0258247	2.2754e-06
0.02601	2.2754e-06
0.0264659	2.80674e-06
0.0265454	2.80674e-06
0.02665	2.80674e-06
0.027105	3.40775e-06
0.0272874	3.40775e-06
0.0277408	4.12883e-06
0.0279219	4.12883e-06
0.0283739	4.96806e-06
0.0285536	4.96806e-06
0.0288791	5.85129e-06
0.029183	5.85129e-06
0.0296328	6.73616e-06
0.0298107	6.73616e-06
0.0302601	7.60988e-06
0.030437	7.60988e-06
0.030886	8.44192e-06
0.031062	8.44192e-06
0.0311865	9.16208e-06
0.0316349	9.16208e-06
0.0316854	9.16208e-06
0.032133	9.69561e-06
0.0323065	9.69561e-06
0.0327531	1.00502e-05
0.0329255	1.00502e-05
0.0333711	1.10229e-05
0.0335424	1.10229e-05
0.0339871	1.20653e-05
0.0341573	1.20653e-05
0.0343138	1.30783e-05
0.0347573	1.30783e-05
0.0347701	1.30783e-05
0.0352129	1.40337e-05
0.0353806	1.40337e-05
0.0354292	1.4922e-05
0.035672	1.4922e-05
0.0359906	1.4922e-05
0.0364338	1.5751e-05
0.0365457	1.5751e-05
0.0366023	1.5751e-05
0.037047	1.65327e-05
0.0372137	1.65327e-05
0.0376578	1.72845e-05
0.0378236	1.72845e-05
0.0382671	1.79803e-05
0.0384319	1.79803e-05
0.0388748	1.87956e-05
0.0390386	1.87956e-05
0.039481	1.79433e-05
0.039644	1.79433e-05
0.0400858	1.67051e-05
0.0402479	1.67051e-05
0.0407199	1.55693e-05
0.0409312	1.55693e-05
0.0414064	1.42409e-05
0.0416129	1.42409e-05
0.0420912	1.54016e-05
0.042293	1.54016e-05
0.0427744	1.67163e-05
0.0429715	1.67163e-05
0.043456	1.80937e-05
0.0435783	1.80937e-05
0.0436485	1.80937e-05
0.0441362	1.95542e-05
0.0443243	1.95542e-05
0.0448152	2.11331e-05
0.0449988	2.11331e-05
0.0454931	2.2881e-05
0.0456723	2.2881e-05
0.0461698	2.47674e-05
0.0463448	2.47674e-05
0.0468456	2.68791e-05
0.0470163	2.68791e-05
0.0470389	2.9275e-05
0.0471524	2.9275e-05
0.0476561	2.9275e-05
0.0476861	2.9275e-05
0.0481924	3.20073e-05
0.0483538	3.20073e-05
0.0486945	3.51274e-05
0.0490197	3.51274e-05
0.0495315	3.86922e-05
0.0496859	3.86922e-05
0.0501605	4.27576e-05
0.0503528	4.27576e-05
0.0508725	4.73916e-05
0.0510175	4.73916e-05
0.0515385	5.26737e-05
0.0516792	5.26737e-05
0.0522017	5.86924e-05
0.0523381	5.86924e-05
0.0528622	6.55444e-05
0.0529944	6.55444e-05
0.0531288	7.32682e-05
0.0536496	7.32682e-05
0.0541796	8.20091e-05
0.0543064	8.20091e-05
0.0548413	9.18931e-05
0.0549053	9.18931e-05
0.0549649	9.18931e-05
0.0555046	0.000103042
0.0556245	0.000103042
0.0561683	0.000115581
0.0562847	0.000115581
0.0568327	0.000129641
0.0569457	0.000129641
0.0574227	0.000145365
0.0576074	0.000145365
0.0581642	0.000162923
0.0582721	0.000162923
0.0588354	0.000182364
0.0588866	0.000182364
0.0589402	0.000182364
0.0595099	0.00020403
0.0596106	0.00020403
0.0601848	0.000228149
0.0602822	0.000228149
0.0607185	0.000255072
0.0609547	0.000255072
0.0615131	0.000282415
0.0615763	0.000282415
0.0621419	0.000311765
0.0622153	0.000311765
0.0627883	0.000344504
0.0628722	0.000344504
0.0634527	0.000381115
0.0635477	0.000381115
0.0641358	0.000422091
0.0642422	0.000422091
0.0648379	0.00046802
0.0649563	0.00046802
0.0655598	0.000519499
0.0656542	0.000519499
0.0656905	0.000519499
0.0663019	0.000577764
0.0664446	0.000577764
0.0670627	0.000643539
0.0672182	0.000643539
0.0678432	0.000717747
0.0680122	0.000717747
0.0682242	0.000801672
0.0688285	0.000801672
0.0694707	0.000896995
0.0696717	0.000896995
0.0703255	0.00100557
0.0705429	0.00100557
0.0707244	0.00112999
0.0713902	0.00112999
0.0714441	0.00112999
0.0721241	0.00127237
0.0723796	0.00127237
0.0727758	0.00143555
0.0730288	0.00143555
0.0733498	0.0021395
0.0740596	0.00238067
0.0743544	0.00238067
0.0750787	0.00265178
0.0751661	0.00265178
0.0753945	0.00265178
0.0761324	0.00295888
0.0764674	0.00295888
0.0772161	0.00330648
0.0775723	0.00330648
0.0783322	0.00370093
0.0787106	0.00370093
0.0794819	0.00413266
0.0798428	0.00413266
0.0798833	0.00413266
0.0806663	0.00463248
0.0810912	0.00463248
0.0818857	0.00521574
0.0823353	0.00521574
0.0831416	0.00589608
0.0836168	0.00589608
0.0844354	0.00664963
0.0849374	0.00664963
0.0857541	0.00751624
0.0862979	0.00751624
0.0871403	0.00854039
0.0876946	0.00854039
0.0885461	0.00972482
0.0891278	0.00972482
0.0899887	0.0110497
0.0905991	0.0110497
0.0914702	0.0125557
0.0921105	0.0125557
0.0929922	0.0142577
0.0930901	0.0142577
0.093516	0.0142577
0.0936634	0.0153544
0.0945551	0.0167956
0.0952539	0.0167956
0.096153	0.0183982
0.0968824	0.0183982
0.0977901	0.0201542
0.098552	0.0201542
0.0991445	0.0220861
0.100061	0.0220861
0.100272	0.0220861
0.101212	0.0242198
0.10207	0.0242198
0.10238	0.026567
0.103351	0.026567
0.103937	0.026567
0.104919	0.0291917
0.105853	0.0291917
0.106844	0.0320836
0.106951	0.0320836
0.107484	0.0320836
0.107817	0.0320836
0.108816	0.0351449
0.109045	0.0351449
0.109822	0.0302422
0.110826	0.0320086
0.111825	0.0320086
0.111868	0.0320086
0.11259	0.0314492
0.113598	0.0314492
0.114003	0.0314492
0.114531	0.0303346
0.115461	0.0303346
0.116333	0.0303346
0.117463	0.0292569
0.1186	0.0292569
0.118763	0.0292569
0.119924	0.0283151
0.121092	0.0283151
0.121297	0.0283151
0.121402	0.0273767
0.121929	0.0273767
0.123114	0.0273767
0.123888	0.0273767
0.125066	0.0265182
0.126232	0.0265182
0.126493	0.0265182
0.127663	0.0258281
0.128824	0.0258281
0.129126	0.0258281
0.130294	0.0252842
0.131455	0.0252842
0.131799	0.0252842
0.132969	0.0249079
0.134133	0.0249079
0.134521	0.0249079
0.135261	0.0246568
0.13584	0.0264861
0.137012	0.0264861
0.13734	0.0264861
0.138534	0.0260353
0.139781	0.0260353
0.140453	0.0260353
0.141803	0.0257683
0.142094	0.0257683
0.142887	0.0257683
0.14364	0.0257683
0.143987	0.0257683
0.144837	0.0256022
0.14512	0.0256022
0.145824	0.0256022
0.147365	0.0256022
0.148325	0.0256022
0.149982	0.0255017
0.151711	0.0260485
0.152694	0.0260485
0.154429	0.0259175
0.156159	0.0259175
0.157142	0.0259175
0.158899	0.0259203
0.159535	0.0259203
0.161303	0.0261226
0.161757	0.0261226
0.163567	0.0262475
0.163895	0.0262475
0.164975	0.0262475
0.165986	0.0262475
0.166547	0.0262475
0.167703	0.0265341
0.168954	0.0265341
0.170376	0.0265341
0.171338	0.0265341
0.171349	0.0265341
0.173137	0.0269779
0.173645	0.0269779
0.174938	0.0269779
0.174988	0.0269779
0.176298	0.0268033
0.177737	0.0273329
0.17932	0.0273329
0.181081	0.0273329
0.181595	0.0273329
0.183588	0.0279583
0.185612	0.0279583
0.187273	0.0279583
0.189377	0.028597
0.191511	0.028597
0.193357	0.028597
0.195575	0.0292621
0.197825	0.0292621
0.199876	0.0292621
0.200126	0.0299277
0.201102	0.0299277
0.202036	0.0299277
0.203028	0.0299277
0.204104	0.0299277
0.205275	0.0299277
0.206566	0.0299277
0.207611	0.0299277
0.208497	0.0296473
0.208997	0.0302388
0.210461	0.0302388
0.211573	0.0302388
0.21457	0.0298592
0.215324	0.0298592
0.218504	0.0293671
0.21865	0.0293671
0.218952	0.0299653
0.222233	0.0294146
0.222524	0.0294146
0.225686	0.0287644
0.226076	0.0287644
0.228861	0.0280171
0.229636	0.0288471
0.232575	0.028075
0.233239	0.028075
0.236103	0.0272231
0.236884	0.0272231
0.239525	0.0262968
0.240577	0.0273655
0.243356	0.0264448
0.243746	0.0264448
0.244348	0.0264448
0.245962	0.0254756
0.24764	0.0254756
0.247977	0.0254756
0.250061	0.0244627
0.250444	0.0244627
0.251457	0.0257764
0.254033	0.0248223
0.254898	0.0248223
0.257703	0.0238589
0.258326	0.0238589
0.261013	0.0228822
0.261773	0.0243396
0.264853	0.0234175
0.265281	0.0234175
0.268468	0.0224902
0.268851	0.0224902
0.272036	0.0215644
0.272508	0.0231157
0.275881	0.022264
0.276291	0.022264
0.279764	0.0214298
0.280203	0.0214298
0.281791	0.0206784
0.283095	0.0206784
0.283821	0.0206784
0.285217	0.0222556
0.286679	0.0222556
0.288398	0.0216043
0.290352	0.0216043
0.290366	0.0216043
0.292821	0.0222556
0.295318	0.0222556
0.298031	0.0237876
0.301029	0.0237876
0.301453	0.0237876
0.302558	0.0237876
0.303572	0.0237876
0.304708	0.0237876
0.305996	0.0237876
0.306757	0.0237876
0.308428	0.0252584
0.310292	0.0252584
0.310833	0.0252584
0.312533	0.0252584
0.314192	0.0252584
0.316047	0.0252584
0.318169	0.0252584
0.319644	0.0252584
0.322492	0.026568
0.325721	0.026568
0.329543	0.026568
0.333877	0.026568
0.338595	0.0278316
0.343314	0.0278316
0.34803	0.0278316
0.348169	0.0278316
0.349368	0.0290469
0.351611	0.0290469
0.353696	0.0290469
0.356056	0.0290469
0.358832	0.0290469
0.362133	0.0290469
0.366037	0.0301922
0.370505	0.0301922
0.375213	0.0301922
0.375899	0.0301922
0.380619	0.0312828
0.385356	0.0312828
0.388912	0.0312828
0.389759	0.0308288
0.391432	0.0318745
0.393797	0.0318745
0.395984	0.0318745
0.398506	0.0318745
0.401525	0.0318745
0.404097	0.0318745
0.408697	0.0328829
0.413701	0.0328829
0.418693	0.0328829
0.423705	0.0338179
0.428721	0.0338179
0.433326	0.0338179
0.43483	0.0347123
0.436547	0.0347123
0.4382	0.0347123
0.438989	0.0347123
0.441196	0.0351509
0.443598	0.0351509
0.44639	0.0351509
0.449051	0.0351509
0.451916	0.0359957
0.455702	0.0363747
0.459698	0.0363747
0.463783	0.0363747
0.464227	0.0363747
0.465042	0.0367854
0.469117	0.0375654
0.473245	0.0375654
0.477401	0.0375654
0.477471	0.0375654
0.480777	0.0380082
0.484909	0.038741
0.488662	0.038741
0.490251	0.038741
0.491779	0.038741
0.493583	0.038741
0.495782	0.038741
0.496438	0.038741
0.500153	0.039441
0.50446	0.039441
0.509455	0.039441
0.512794	0.039441
0.517669	0.0401136
0.51898	0.0401136
0.523738	0.039704
0.528401	0.039704
0.529252	0.039704
0.533851	0.0403604
0.538355	0.0403604
0.54279	0.0403604
0.544722	0.0403604
0.545819	0.0400014
0.550179	0.0406412
0.551129	0.0406412
0.552333	0.0406412
0.553487	0.0406412
0.554864	0.0406412
0.556553	0.0406412
0.557721	0.0406412
0.560506	0.0409897
0.561236	0.0409897
0.564943	0.0415928
0.568912	0.0415928
0.571975	0.0415928
0.575476	0.04197
0.579478	0.0425411
0.583441	0.0425411
0.587362	0.0425411
0.587911	0.0425411
0.589557	0.0429456
0.593407	0.0434862
0.597229	0.0434862
0.601015	0.0434862
0.603506	0.0434862
0.60723	0.0440087
0.609584	0.0440087
0.613263	0.0444231
0.616915	0.0444231
0.617357	0.0444231
0.620974	0.0449167
0.622088	0.0449167
0.62352	0.0449167
0.624899	0.0449167
0.626673	0.0449167
0.629021	0.0449167
0.630489	0.0449167
0.633117	0.0453947
0.636613	0.0449993
0.640096	0.0449993
0.643041	0.0449993
0.646475	0.0454706
0.649904	0.0454706
0.650311	0.0454706
0.653715	0.0451151
0.655711	0.0451151
0.659084	0.0455797
0.662453	0.0455797
0.664554	0.0455797
0.667896	0.0452698
0.668523	0.0452698
0.671843	0.045727
0.67516	0.045727
0.677323	0.045727
0.680618	0.0454408
0.681502	0.0454408
0.684774	0.0458871
0.688043	0.0458871
0.689144	0.0458871
0.692793	0.045615
0.694684	0.045615
0.697801	0.0460628
0.700281	0.0460628
0.701358	0.0458485
0.702393	0.0458485
0.703665	0.0458485
0.705283	0.0458485
0.705942	0.0458485
0.708628	0.0460628
0.711857	0.0465021
0.715084	0.0465021
0.720029	0.0465021
0.723493	0.0465021
0.728413	0.0469323
0.733325	0.0469323
0.738234	0.0469323
0.738254	0.0469323
0.743153	0.0473539
0.748045	0.0473539
0.752928	0.0473539
0.75781	0.0477674
0.76269	0.0477674
0.767567	0.0477674
0.772313	0.0481734
0.774045	0.0481734
0.775652	0.0481734
0.777886	0.0481734
0.780888	0.0481734
0.782251	0.0481734
0.785354	0.0485715
0.787984	0.0485715
0.791081	0.0484287
0.794168	0.0484287
0.797198	0.0484287
0.80028	0.0488285
0.802142	0.0488285
0.805223	0.0487928
0.808291	0.0487928
0.811356	0.0487928
0.812608	0.0487928
0.814394	0.0491975
0.817459	0.0493034
0.820505	0.0493034
0.823547	0.0493034
0.825467	0.0493034
0.828137	0.0496127
0.828762	0.0496127
0.830085	0.0499894
0.83156	0.0499894
0.833526	0.0499894
0.836017	0.0499894
0.83789	0.0499894
0.840921	0.0506659
0.843929	0.0506659
0.844203	0.0506659
0.84721	0.0510332
0.850214	0.0510332
0.851306	0.0510332
0.853086	0.0525409
0.854464	0.0525409
0.855747	0.0525409
0.857444	0.0525409
0.859755	0.0525409
0.860844	0.0525409
0.863779	0.0529231
0.86491	0.0529231
0.865372	0.0585251
0.866518	0.0585251
0.86755	0.0585251
0.868837	0.0585251
0.870454	0.0585251
0.872621	0.0585251
0.875629	0.0585251
0.878704	0.0585251
0.881782	0.0585251
0.884859	0.0585251
0.887936	0.0585251
0.888272	0.0585251
0.88902	0.0588294
0.891674	0.0588294
0.894369	0.0588294
0.897477	0.0588294
0.90058	0.0588294
0.903681	0.0588294
0.906783	0.0588294
0.909884	0.0588294
0.912666	0.0588294
0.915279	0.0588294
0.917582	0.0588294
0.920336	0.0591009
0.923216	0.0591009
0.926162	0.0591009
0.929136	0.0591009
0.932124	0.0591009
0.935115	0.0591009
0.936323	0.0591009
0.938522	0.0591009
0.941125	0.0591009
0.944155	0.0591009
0.947185	0.0591009
0.9499	0.0591009
0.95293	0.0593543
0.95596	0.0593543
0.95899	0.0593543
0.959962	0.0593543
0.962311	0.0593543
0.964559	0.0593543
0.967646	0.0593543
0.970739	0.0593543
0.973834	0.0593543
0.976928	0.0593543
0.980023	0.0593543
0.983117	0.0593543
0.983577	0.0593543
0.985737	0.0593543
0.988244	0.0593543
0.989014	0.0593543
0.992128	0.0595813
0.995245	0.0595813
0.998364	0.0595813
1.00148	0.0595813
1.0046	0.0595813
1.0072	0.0595813
1.01013	0.0595813
1.01322	0.0595813
1.01631	0.0595813
1.0194	0.0595813
1.02131	0.0595813
1.0244	0.0597869
1.02748	0.0597869
1.03057	0.0597869
1.03081	0.0597869
1.03199	0.0597869
1.03396	0.0597869
1.03705	0.0597869
1.04017	0.0597869
1.04096	0.0597869
1.04409	0.0546308
1.04721	0.0546308
1.04964	0.0546308
1.05275	0.0549294
1.05586	0.0549294
1.05898	0.0549294
1.06209	0.0549294
1.0652	0.0549294
1.06831	0.0549294
1.07142	0.0549294
1.07396	0.0549294
1.07689	0.0552155
1.07779	0.0552155
1.07865	0.0552155
1.07971	0.0552155
1.08104	0.0552155
1.08254	0.0552155
1.08433	0.0601579
1.08536	0.0601579
1.08616	0.0601579
1.08691	0.0601579
1.08796	0.0601579
1.08928	0.0601579
1.09095	0.0601579
1.09318	0.0601579
1.09623	0.0601579
1.09931	0.0601579
1.1	0.0601579
1.1065	0.0603177
1.1089	0.0603177
1.1119	0.0603177
1.1147	0.0603177
1.11778	0.0603177
1.12087	0.0603177
1.12396	0.0603177
1.12705	0.0603177
1.13014	0.0603177
1.1324	0.0603177
1.13487	0.0603177
1.13722	0.0603177
1.14029	0.0603177
1.1428	0.0603177
1.14587	0.0604507
1.14893	0.0604507
1.152	0.0604507
1.15506	0.0604507
1.15592	0.0604507
1.15892	0.0604507
1.16198	0.0604507
1.16503	0.0604507
1.16808	0.0604507
1.17113	0.0604507
1.17418	0.0604507
1.17723	0.0604507
1.17942	0.0604507
1.18199	0.0604507
1.18435	0.0604507
1.18745	0.0604507
1.18943	0.0604507
1.19254	0.0605583
1.19564	0.0605583
1.19874	0.0605583
1.20185	0.0605583
1.20292	0.0605583
1.20552	0.0605583
1.20814	0.0605583
1.21123	0.0605583
1.21434	0.0605583
1.21745	0.0605583
1.22056	0.0605583
1.22367	0.0605583
1.2264	0.0605583
1.22878	0.0605583
1.23105	0.0605583
1.23178	0.0605583
1.2349	0.0606598
1.23802	0.0606598
1.24114	0.0606598
1.24426	0.0606598
1.24739	0.0606598
1.2499	0.0606598
1.25265	0.0606598
1.25551	0.0606598
1.25858	0.0606598
1.26165	0.0606598
1.26432	0.0606598
1.26738	0.0607553
1.27045	0.0607553
1.27337	0.0607553
1.27582	0.0607553
1.27819	0.0607553
1.28126	0.0607553
1.28433	0.0607553
1.29121	0.0607553
1.29512	0.0607553
1.29681	0.0608374
1.2997	0.0608374
1.30279	0.0608374
1.30586	0.0608374
1.31193	0.0608374
1.3168	0.0608374
1.32022	0.0608374
1.32408	0.0608374
1.32549	0.0608374
1.32912	0.0609104
1.33265	0.0609104
1.33597	0.0609104
