


0	1
1.44272e-05	1
8.65632e-05	1
0.000327538	1
0.000675915	1
0.000855886	1
0.00096035	1
0.00119575	1
0.00140488	1
0.00170599	1
0.00227626	1
0.00254911	1
0.00294331	1
0.00338978	1
0.00395479	1
0.00422632	1
0.00477923	1
0.00503159	1
0.00551895	1
0.00566037	1
0.00579068	1
0.00623042	1
0.00669125	1
0.00679716	1
0.00715218	1
0.0073638	1
0.0078213	1
0.00792642	1
0.00803371	1
0.00848803	1
0.00888832	1
0.00905006	1
0.00950303	1
0.00954669	1
0.00961006	1
0.0100596	1
0.010165	1
0.0104209	1
0.0107186	1
0.0111635	1
0.0112675	1
0.0113525	1
0.0117776	1
0.0118146	1
0.0120305	1
0.0123564	1
0.0127045	1
0.0128967	1
0.0133307	1
0.013368	1
0.013432	1
0.0138639	1
0.0139653	1
0.0140296	1
0.014351	1
0.0144936	1
0.01492	1
0.0149983	1
0.0150204	1
0.0154439	1
0.0155372	1
0.0155418	1
0.0159621	1
0.0160615	1
0.01648	1
0.016578	1
0.0169958	1
0.0170944	1
0.0175102	1
0.0176076	1
0.0176303	1
0.017744	1
0.0181199	1
0.0184362	1
0.0187967	1
0.0192696	1
0.0194689	1
0.019625	1
0.0200948	1
0.0201374	1
0.0206063	1
0.020803	1
0.0212707	1
0.021466	1
0.0216293	1
0.0220953	1
0.0221255	1
0.0225889	1
0.0226761	1
0.0227793	1
0.0232397	1
0.0234297	1
0.0238892	1
0.0240779	1
0.0245365	1
0.024724	1
0.0251816	1
0.025368	1
0.0258247	1
0.02601	1
0.0264659	1
0.0265454	1
0.02665	1
0.027105	1
0.0272874	1
0.0277408	1
0.0279219	1
0.0283739	1
0.0285536	1
0.0288791	1
0.029183	1
0.0296328	1
0.0298107	1
0.0302601	1
0.030437	1
0.030886	1
0.031062	1
0.0311865	1
0.0316349	1
0.0316854	2
0.032133	2
0.0323065	2
0.0327531	2
0.0329255	2
0.0333711	2
0.0335424	2
0.0339871	2
0.0341573	2
0.0343138	2
0.0347573	2
0.0347701	2
0.0352129	2
0.0353806	2
0.0354292	2
0.035672	2
0.0359906	2
0.0364338	2
0.0365457	2
0.0366023	2
0.037047	2
0.0372137	2
0.0376578	2
0.0378236	2
0.0382671	2
0.0384319	2
0.0388748	2
0.0390386	2
0.039481	2
0.039644	2
0.0400858	2
0.0402479	2
0.0407199	2
0.0409312	2
0.0414064	2
0.0416129	2
0.0420912	2
0.042293	2
0.0427744	2
0.0429715	2
0.043456	2
0.0435783	2
0.0436485	2
0.0441362	2
0.0443243	2
0.0448152	2
0.0449988	1
0.0454931	1
0.0456723	1
0.0461698	1
0.0463448	1
0.0468456	1
0.0470163	1
0.0470389	1
0.0471524	1
0.0476561	1
0.0476861	1
0.0481924	1
0.0483538	1
0.0486945	1
0.0490197	1
0.0495315	1
0.0496859	1
0.0501605	1
0.0503528	1
0.0508725	1
0.0510175	1
0.0515385	1
0.0516792	1
0.0522017	1
0.0523381	1
0.0528622	1
0.0529944	1
0.0531288	1
0.0536496	1
0.0541796	1
0.0543064	1
0.0548413	1
0.0549053	1
0.0549649	1
0.0555046	1
0.0556245	1
0.0561683	1
0.0562847	1
0.0568327	1
0.0569457	1
0.0574227	1
0.0576074	1
0.0581642	1
0.0582721	1
0.0588354	1
0.0588866	1
0.0589402	1
0.0595099	1
0.0596106	1
0.0601848	1
0.0602822	1
0.0607185	1
0.0609547	1
0.0615131	1
0.0615763	1
0.0621419	1
0.0622153	1
0.0627883	1
0.0628722	1
0.0634527	1
0.0635477	1
0.0641358	1
0.0642422	1
0.0648379	1
0.0649563	1
0.0655598	1
0.0656542	1
0.0656905	1
0.0663019	1
0.0664446	1
0.0670627	1
0.0672182	1
0.0678432	1
0.0680122	1
0.0682242	1
0.0688285	1
0.0694707	1
0.0696717	1
0.0703255	1
0.0705429	1
0.0707244	1
0.0713902	1
0.0714441	1
0.0721241	1
0.0723796	1
0.0727758	1
0.0730288	1
0.0733498	1
0.0740596	1
0.0743544	1
0.0750787	1
0.0751661	1
0.0753945	1
0.0761324	1
0.0764674	1
0.0772161	1
0.0775723	1
0.0783322	1
0.0787106	1
0.0794819	1
0.0798428	1
0.0798833	1
0.0806663	1
0.0810912	1
0.0818857	1
0.0823353	1
0.0831416	1
0.0836168	1
0.0844354	1
0.0849374	1
0.0857541	1
0.0862979	1
0.0871403	1
0.0876946	1
0.0885461	1
0.0891278	1
0.0899887	4
0.0905991	4
0.0914702	4
0.0921105	4
0.0929922	4
0.0930901	4
0.093516	4
0.0936634	4
0.0945551	4
0.0952539	4
0.096153	4
0.0968824	4
0.0977901	4
0.098552	4
0.0991445	4
0.100061	4
0.100272	4
0.101212	4
0.10207	4
0.10238	4
0.103351	4
0.103937	4
0.104919	4
0.105853	4
0.106844	4
0.106951	4
0.107484	4
0.107817	4
0.108816	4
0.109045	4
0.109822	4
0.110826	4
0.111825	4
0.111868	4
0.11259	4
0.113598	4
0.114003	4
0.114531	4
0.115461	4
0.116333	4
0.117463	4
0.1186	4
0.118763	4
0.119924	4
0.121092	4
0.121297	4
0.121402	4
0.121929	4
0.123114	4
0.123888	4
0.125066	4
0.126232	4
0.126493	4
0.127663	4
0.128824	4
0.129126	4
0.130294	4
0.131455	4
0.131799	5
0.132969	5
0.134133	5
0.134521	5
0.135261	5
0.13584	5
0.137012	5
0.13734	5
0.138534	5
0.139781	5
0.140453	5
0.141803	5
0.142094	5
0.142887	5
0.14364	5
0.143987	5
0.144837	5
0.14512	5
0.145824	5
0.147365	5
0.148325	5
0.149982	5
0.151711	5
0.152694	5
0.154429	5
0.156159	5
0.157142	5
0.158899	5
0.159535	5
0.161303	5
0.161757	5
0.163567	5
0.163895	5
0.164975	5
0.165986	5
0.166547	5
0.167703	5
0.168954	5
0.170376	5
0.171338	5
0.171349	5
0.173137	5
0.173645	5
0.174938	5
0.174988	5
0.176298	5
0.177737	5
0.17932	5
0.181081	5
0.181595	5
0.183588	5
0.185612	5
0.187273	5
0.189377	5
0.191511	5
0.193357	5
0.195575	5
0.197825	5
0.199876	5
0.200126	5
0.201102	5
0.202036	5
0.203028	5
0.204104	5
0.205275	5
0.206566	5
0.207611	5
0.208497	5
0.208997	5
0.210461	5
0.211573	5
0.21457	5
0.215324	5
0.218504	5
0.21865	5
0.218952	5
0.222233	5
0.222524	5
0.225686	5
0.226076	5
0.228861	5
0.229636	5
0.232575	5
0.233239	5
0.236103	5
0.236884	5
0.239525	5
0.240577	5
0.243356	5
0.243746	5
0.244348	5
0.245962	5
0.24764	5
0.247977	5
0.250061	5
0.250444	5
0.251457	5
0.254033	5
0.254898	5
0.257703	5
0.258326	5
0.261013	5
0.261773	5
0.264853	5
0.265281	5
0.268468	5
0.268851	5
0.272036	5
0.272508	5
0.275881	5
0.276291	5
0.279764	5
0.280203	5
0.281791	5
0.283095	5
0.283821	5
0.285217	5
0.286679	5
0.288398	5
0.290352	5
0.290366	5
0.292821	5
0.295318	5
0.298031	5
0.301029	5
0.301453	5
0.302558	5
0.303572	5
0.304708	5
0.305996	5
0.306757	5
0.308428	5
0.310292	5
0.310833	5
0.312533	5
0.314192	5
0.316047	5
0.318169	5
0.319644	5
0.322492	5
0.325721	5
0.329543	5
0.333877	5
0.338595	5
0.343314	5
0.34803	5
0.348169	5
0.349368	5
0.351611	5
0.353696	5
0.356056	5
0.358832	5
0.362133	5
0.366037	5
0.370505	5
0.375213	5
0.375899	5
0.380619	5
0.385356	5
0.388912	5
0.389759	5
0.391432	5
0.393797	5
0.395984	5
0.398506	5
0.401525	5
0.404097	5
0.408697	5
0.413701	5
0.418693	5
0.423705	5
0.428721	5
0.433326	5
0.43483	5
0.436547	5
0.4382	5
0.438989	5
0.441196	5
0.443598	5
0.44639	5
0.449051	5
0.451916	5
0.455702	5
0.459698	5
0.463783	5
0.464227	5
0.465042	5
0.469117	5
0.473245	5
0.477401	5
0.477471	5
0.480777	5
0.484909	5
0.488662	5
0.490251	5
0.491779	5
0.493583	5
0.495782	5
0.496438	5
0.500153	5
0.50446	5
0.509455	5
0.512794	5
0.517669	5
0.51898	5
0.523738	5
0.528401	5
0.529252	5
0.533851	5
0.538355	5
0.54279	5
0.544722	5
0.545819	5
0.550179	5
0.551129	5
0.552333	5
0.553487	5
0.554864	5
0.556553	5
0.557721	5
0.560506	5
0.561236	5
0.564943	5
0.568912	5
0.571975	5
0.575476	5
0.579478	5
0.583441	5
0.587362	5
0.587911	5
0.589557	5
0.593407	5
0.597229	5
0.601015	5
0.603506	5
0.60723	5
0.609584	5
0.613263	5
0.616915	5
0.617357	5
0.620974	5
0.622088	5
0.62352	5
0.624899	5
0.626673	5
0.629021	5
0.630489	5
0.633117	5
0.636613	5
0.640096	5
0.643041	5
0.646475	5
0.649904	5
0.650311	5
0.653715	5
0.655711	5
0.659084	5
0.662453	5
0.664554	5
0.667896	5
0.668523	5
0.671843	5
0.67516	5
0.677323	5
0.680618	5
0.681502	5
0.684774	5
0.688043	5
0.689144	5
0.692793	5
0.694684	5
0.697801	5
0.700281	5
0.701358	5
0.702393	5
0.703665	5
0.705283	5
0.705942	5
0.708628	5
0.711857	5
0.715084	5
0.720029	5
0.723493	5
0.728413	5
0.733325	5
0.738234	5
0.738254	5
0.743153	5
0.748045	5
0.752928	5
0.75781	5
0.76269	5
0.767567	5
0.772313	5
0.774045	5
0.775652	5
0.777886	5
0.780888	5
0.782251	5
0.785354	5
0.787984	5
0.791081	5
0.794168	5
0.797198	5
0.80028	5
0.802142	5
0.805223	5
0.808291	5
0.811356	5
0.812608	5
0.814394	5
0.817459	5
0.820505	5
0.823547	5
0.825467	5
0.828137	5
0.828762	5
0.830085	5
0.83156	5
0.833526	5
0.836017	5
0.83789	5
0.840921	5
0.843929	5
0.844203	5
0.84721	5
0.850214	5
0.851306	5
0.853086	5
0.854464	5
0.855747	5
0.857444	5
0.859755	5
0.860844	5
0.863779	5
0.86491	5
0.865372	5
0.866518	5
0.86755	5
0.868837	5
0.870454	5
0.872621	5
0.875629	5
0.878704	5
0.881782	5
0.884859	5
0.887936	5
0.888272	5
0.88902	5
0.891674	5
0.894369	5
0.897477	5
0.90058	5
0.903681	5
0.906783	5
0.909884	5
0.912666	5
0.915279	5
0.917582	5
0.920336	5
0.923216	5
0.926162	5
0.929136	5
0.932124	5
0.935115	5
0.936323	5
0.938522	5
0.941125	5
0.944155	5
0.947185	5
0.9499	5
0.95293	5
0.95596	5
0.95899	5
0.959962	5
0.962311	5
0.964559	5
0.967646	5
0.970739	5
0.973834	5
0.976928	5
0.980023	5
0.983117	5
0.983577	5
0.985737	5
0.988244	5
0.989014	5
0.992128	5
0.995245	5
0.998364	5
1.00148	5
1.0046	5
1.0072	5
1.01013	5
1.01322	5
1.01631	5
1.0194	5
1.02131	5
1.0244	5
1.02748	5
1.03057	5
1.03081	5
1.03199	5
1.03396	5
1.03705	5
1.04017	5
1.04096	5
1.04409	5
1.04721	5
1.04964	5
1.05275	5
1.05586	5
1.05898	5
1.06209	5
1.0652	5
1.06831	5
1.07142	5
1.07396	5
1.07689	5
1.07779	5
1.07865	5
1.07971	5
1.08104	5
1.08254	5
1.08433	5
1.08536	5
1.08616	5
1.08691	5
1.08796	5
1.08928	5
1.09095	5
1.09318	5
1.09623	5
1.09931	5
1.1	5
1.1065	5
1.1089	5
1.1119	5
1.1147	5
1.11778	5
1.12087	5
1.12396	5
1.12705	5
1.13014	5
1.1324	5
1.13487	5
1.13722	5
1.14029	5
1.1428	5
1.14587	5
1.14893	5
1.152	5
1.15506	5
1.15592	5
1.15892	5
1.16198	5
1.16503	5
1.16808	5
1.17113	5
1.17418	5
1.17723	5
1.17942	5
1.18199	5
1.18435	5
1.18745	5
1.18943	5
1.19254	5
1.19564	5
1.19874	5
1.20185	5
1.20292	5
1.20552	5
1.20814	5
1.21123	5
1.21434	5
1.21745	5
1.22056	5
1.22367	5
1.2264	5
1.22878	5
1.23105	5
1.23178	5
1.2349	5
1.23802	5
1.24114	5
1.24426	5
1.24739	5
1.2499	5
1.25265	5
1.25551	5
1.25858	5
1.26165	5
1.26432	5
1.26738	5
1.27045	5
1.27337	5
1.27582	5
1.27819	5
1.28126	5
1.28433	5
1.29121	5
1.29512	5
1.29681	5
1.2997	5
1.30279	5
1.30586	5
1.31193	5
1.3168	5
1.32022	5
1.32408	5
1.32549	5
1.32912	5
1.33265	5
1.33597	5
